-4666
-6449
-9948
-2818
1051
-2348
-4144
-920
5808
2637
4856
2671
6925
-3132
7536
-1312
4477
7359
6545
6366
4545
-232
6396
5280
-8352
1994
488
-6402
-7331
2548
-8944
-4668
-2309
-895
8587
-7375
8563
-2276
-8100
8709
3495
-7580
3182
7339
-8296
4788
3765
6079
-6726
513
9891
6563
7721
8929
-2818
-3011
7482
-841
-7810
3582
585
4935
-560
9307
-7364
7085
3168
-4377
-4362
-19
-2499
-2381
-6774
-1587
-2234
5123
2925
-1736
9509
6520
2492
-595
198
1995
705
8226
4812
-3091
-8325
-7379
-1632
8315
708
3125
-5522
8610
6596
-6741
-9430
-6592
-5670
6687
5124
-5906
-5041
-9343
-352
-9630
3964
9252
-1468
-7490
7513
-7023
-9895
444
7012
-3205
7625
9021
3177
5746
110
9045
-4958
-3768
-3533
-5739
-2890
-1035
-5515
-6583
1284
2051
8210
-9343
6517
7145
6385
8909
-840
-9516
172
-6839
4436
551
-4083
-7257
-7986
2736
-9496
-335
-8618
-8967
-4268
-190
-492
-2225
-3027
-5243
2602
-6316
3421
6496
-5525
9585
9818
-6136
-3381
-6566
6348
7481
-1883
8063
-8896
-2895
2816
1180
-6725
-7078
9025
5540
-5576
-7095
8841
9988
5329
-131
-5591
9487
-9781
9589
2825
235
-8834
6416
9867
-8537
-8085
2814
-8509
1722
4566
736
-1133
-4317
-8826
3923
-9508
2042
-9771
-2585
2592
-2311
3420
-6816
-9492
-72
6733
2290
3419
-58
9012
-3609
8621
2990
-8247
-2274
7545
2378
7287
-7862
5460
1847
-2012
-5232
-1967
-2860
4524
9703
-7526
2297
-8250
-2119
-1551
7189
-4151
6233
-5576
1615
-5831
-5021
5573
5186
4161
-185
-5204
4743
-53
2189
-5976
-4234
-3751
8198
-4552
827
2991
5184
7451
-5385
-4881
1114
1331
-3069
-4765
5187
-2564
-5410
6094
5019
955
8864
6066
5759
4812
4374
113
-2553
1071
6155
649
7570
-1259
-4568
-1711
-2074
5961
-2922
-6942
4510
4860
-4199
9756
4076
1189
-3324
-4949
-1062
1455
-6291
-2084
4157
3362
9145
-8405
4936
1965
2249
8868
4219
-2905
-9010
2821
-8126
-3658
6242
7516
-1875
8394
8275
7927
-3061
2570
-9352
6722
8754
-8156
9512
9987
-5995
5115
-2906
7594
8387
2489
3838
5552
-4242
-1799
-6236
-7369
-5385
9272
-9822
-2738
9266
-9893
-2921
3024
-3081
4470
-7327
2624
-3281
-4828
-501
-7418
-1682
-8865
9506
-1218
-1344
6112
-6398
-611
6606
3543
8705
3345
7631
-3234
8807
6993
-1752
-6205
6107
4486
9177
886
-2535
-4127
-8718
2377
-7668
-6513
588
7989
3899
-8578
-137
8234
-6012
-1881
5136
9600
1190
3118
-1558
-3768
-1513
6628
7726
9521
-4575
-8176
-9684
180
7276
-3985
8613
-420
-6128
-7778
5926
9215
-8020
-4400
-6485
-5005
-3460
1051
-3535
7118
4011
-3416
-9115
8941
755
-122
-5664
-6192
8996
8814
-5125
-4958
5165
-2477
-8491
-8878
137
-2779
-6146
4538
7023
8687
-7208
8998
1199
6637
6364
-43
-3833
4230
-6964
456
-4568
6547
-7186
1904
-1095
4443
4926
-3391
-6241
9015
-523
-1441
-6118
-4801
7027
3327
6172
7606
1769
6663
8361
-9773
3592
-4138
-4719
9276
4855
7657
-5703
-1966
-7901
-5666
9763
-636
-1067
2424
-78
-3416
6700
-8509
5812
-9976
7007
5472
8499
-3893
403
-8664
2892
-9254
-8389
-1020
-2137
3075
-8876
-2497
4320
-4741
6305
-423
-2479
3936
2157
2376
5609
-2770
-3469
-2956
-4858
9542
-2319
7943
-8161
5758
6903
-8562
1130
6772
9793
5864
-3774
7084
7638
3034
765
6871
-5633
2444
-4106
-2692
-9914
7492
645
-3020
-3717
2094
4040
218
-4543
9117
8784
-3486
3997
2117
2989
-4306
4376
5842
997
8906
-6488
-7841
5636
9628
8531
5927
9602
-8807
630
35
6308
-7288
2150
-4706
437
-646
9727
-5811
-6068
-8238
3187
9595
7635
7652
7108
2308
2770
-8773
-4164
-3124
1886
-3363
2702
-9949
7377
4933
-1479
-3591
3872
-1546
-8708
-2591
-3552
817
5680
8600
9496
8356
-9663
-6712
-9934
7649
2385
4792
-6796
1029
-3008
9912
-542
-1648
-9661
7292
-6002
-4889
-7015
4081
3845
-9851
-1701
3236
5487
3969
6160
-8686
1338
9983
-3995
-7676
-5385
-2906
-5037
-1797
-1287
-5413
4644
-7840
4761
-3496
8449
-2412
-2381
803
9804
-8431
-2389
1098
-5115
7410
7334
359
2515
1607
-3198
-1161
2244
16
6838
6064
6784
8035
-6402
616
-2359
-8664
-8480
-2039
5406
5005
-6145
5068
-5003
4555
5990
-5274
-3425
-7472
5116
-271
-517
4007
1551
-3353
-6487
5824
4174
-6548
-8813
-8718
5032
-5194
100
7674
-8168
8319
-6515
-4461
-7154
4584
-9945
-1209
-7478
-8208
-8161
-70
-6017
-7477
3448
-818
2637
-4019
5660
-9450
1258
-6685
-7715
-6965
4980
8807
-2661
-9916
-167
-4692
-2422
-1329
1778
-1583
7578
-4770
-2458
9554
9199
-4585
-9963
5034
-7085
-3513
7365
2163
604
-6473
8960
-9644
4369
1521
5250
-223
2248
4122
7330
-9553
-7432
-352
-7581
8158
-5312
2447
6642
-7557
-2260
4394
7702
6212
7406
8778
6797
4878
-2101
8639
4472
-4267
-1211
676
-8482
6802
3613
-1139
4832
5358
-2094
-4622
-1886
8620
9332
-1624
1555
7906
-6119
2011
-1155
6930
-3609
-8974
8399
4147
-3105
2514
3215
-289
9346
-1773
4105
-2174
4543
-4235
-6766
8386
-5184
8685
7096
-7276
880
-908
5355
-8436
-7061
8506
633
-485
-275
7814
-4213
5954
-6121
-4897
-6003
-6136
-1470
-6179
1127
-9226
2636
7657
-7333
-3289
4180
-7758
-8959
-1681
5184
8779
6321
9889
4004
-9381
5002
-4153
6518
8304
7243
-9739
-1789
-8538
-4401
-1814
-6559
-7695
3184
-6182
2355
-1605
-2656
-7646
-3510
-5380
8302
4176
-4615
-6176
6366
7616
-9065
-7816
5923
7039
-2931
6038
-8431
8110
-9753
4461
8664
1875
6213
-7790
-3136
-9464
1192
6698
491
1396
5144
8940
-8693
-6930
1417
-4303
-2383
-2865
-8075
3047
8861
6082
3253
7594
1759
-2575
-4301
163
-1159
-5443
4915
-15
4163
2530
-4714
-5255
5128
-8551
5198
3649
9068
4429
-3434
6157
9693
-4359
4226
-7703
-2170
-2061
-175
6086
4186
-575
9056
1605
6874
-3412
1663
-5788
7184
8577
7791
9369
-871
7145
307
-9775
8209
-3497
4403
-2362
-1364
6878
3987
8601
7967
4147
-505
-6759
-1575
4083
367
-8379
-1232
-8
4718
-5168
4338
-9981
3610
7263
6315
-9663
8535
-9627
8940
5710
8966
-3538
8995
-1159
329
6703
3978
1278
8163
1934
-6616
7694
9442
-125
3701
3628
-3256
5062
-159
3251
-7443
7214
-5443
6131
2126
-4610
-9515
1825
5127
-5402
-3235
-5766
2614
-1509
8660
1861
-8763
-867
3603
-6528
-5444
4960
-7894
-2203
7353
-8890
4375
5728
-5431
2670
6551
2052
-3388
-6165
4809
-2508
8043
4973
620
-7775
-9872
6945
-8324
-9371
2069
1746
4950
-4973
-916
7276
2122
2640
4601
-6728
-8040
8426
5101
-750
8925
-7904
1246
-1873
-8944
-7751
345
-4099
2448
-5237
492
7658
-7502
-2277
-2305
1404
-3396
443
-4839
-6101
-1820
1658
-4315
5432
3074
-4934
-2898
-2101
6366
5447
-7494
7502
1552
5162
-4274
-8353
-1532
7558
1307
-3982
4928
-4249
-2525
-636
-6895
425
-6617
-3331
-4807
-5881
-231
-5835
5605
-5601
-1632
8556
-9091
6309
-9943
3592
9464
2727
-9634
8485
-4461
-6531
1071
-2803
-7208
6438
8357
-9541
-9318
3211
-7349
-8281
8690
-3991
-8092
41
-5140
-2443
-2915
7062
-6463
-5924
8493
7196
2435
9302
-4931
-6622
9109
-8348
-4333
9170
-1470
-1112
466
-630
-1652
3483
5605
1619
-4814
6078
496
-7347
-6663
-5409
508
9967
1392
3999
-3416
-8438
-3830
5945
6873
1961
2474
-5684
-6127
-8743
-6192
-1062
6248
1435
2351
-9431
-6341
-8619
4130
203
6001
7982
6848
8160
-7630
-8891
-6641
-5120
-8701
-6743
8462
-6994
1242
1334
-2123
-8983
6114
8896
-4335
3629
-6546
-7364
-8465
-4131
8814
-799
-1092
8058
-6152
-9133
5924
3514
-3441
9078
7301
2929
-7904
-8332
9883
-4979
8711
-5607
-4236
-3984
-2084
3961
1777
1120
-7092
6203
8370
3130
-8397
-8087
-7986
1510
-2304
-4539
1635
2167
-9103
-1239
-4653
9818
-2539
-4305
4506
7818
-9350
-9406
5547
-1006
-6866
2228
-5576
-6584
-4572
-6836
-7410
8347
3391
3508
5759
-7396
5655
-3401
4121
2103
4029
6358
-4402
-4921
3748
-9478
46
8769
-4514
6724
-8983
6429
8194
-8352
-5318
-7289
8419
-7988
916
8120
-1373
-8643
-5905
-6811
-1141
201
-8278
-1781
-926
1152
4789
9623
8174
5326
-7841
-1252
-6250
-4072
7528
-7520
-4443
-3036
-7348
-9635
-7656
-8874
-5567
-4702
8354
-4190
-7134
5436
6758
8405
3760
1306
3895
6705
189
-8024
-7792
2450
1033
7137
7201
762
1716
-4405
-6841
8326
8128
9644
-1725
-5954
7160
6408
5250
6155
-89
-9323
5947
3159
4722
4131
5837
-3584
-9679
7172
-7266
-4513
6329
-2431
-546
-938
5542
8672
1141
5981
30
2255
4845
36
-4313
-2448
1546
5102
-6968
4054
-770
-5718
5601
8763
-9397
-1398
8205
6743
2992
-237
-9794
2332
-7136
6338
-1790
-1607
-6870
-8400
8992
-5784
8045
9562
-4798
5693
5146
-3796
-2003
-4440
9688
1998
-6906
485
9038
-7175
3888
-1505
5625
3691
3127
7504
-587
1306
-3558
-278
-5345
318
989
2235
1283
3956
-9261
-6392
-5302
3733
6614
1342
4158
-5888
-6330
9545
5726
4137
327
9972
-1369
-4365
-8558
7122
2141
8823
-9955
-9343
-1292
993
-4498
-2501
-5815
6397
-4694
-6358
-2782
3714
-3946
401
-4286
-4391
4056
-4649
-9515
3098
7539
-9495
-6553
-4164
-2977
-3854
-865
6903
1078
4625
-1804
-5928
-6102
-1868
6429
3051
-6171
5475
8927
-7430
7096
325
7849
3707
869
7038
578
7942
6547
7342
985
-797
-1150
7924
-3675
7029
-2908
-3328
4839
8282
3989
-36
2850
-7496
-7046
-2650
-8261
2105
-4777
-2515
1644
8654
3104
5075
9797
-247
7683
4532
-9118
3224
-327
7237
-6984
4675
-1714
6979
1472
787
5395
-9232
3792
3878
4525
6582
211
-3828
649
-3488
4649
-5991
-3968
4878
131
-1298
7627
4248
-5556
-9220
4875
-1759
-4202
-4955
4637
-3095
2068
5281
-7736
-2726
-7075
8496
-7361
-982
-6559
4916
7711
3181
2658
-5889
8098
5374
-15
774
3600
8818
-962
7546
8616
-4846
-2566
4450
9975
7458
-5318
2261
-7086
-4725
6939
3139
1557
9661
-9367
-2690
1776
6835
7428
7512
-8755
-3122
-3201
679
8727
2096
-1714
-2898
6303
-3597
4486
-264
5831
-5276
-4218
4639
-61
2611
818
-4056
683
1795
8575
1280
2655
-4246
-3749
-776
-5351
6532
-4972
-396
-4964
-6233
-4433
3767
8628
-1571
-8075
-5688
-5824
3468
4063
1611
1591
-5463
-9682
245
3707
-3164
-7672
-7593
9635
1238
-391
3404
-8152
-4155
-9838
-8712
6064
-1204
2937
9838
4688
-7582
3665
-2272
1422
7611
-9348
-5833
4155
1760
-5369
-6098
8040
2494
-1535
-7731
765
-1235
2319
-7898
8582
2089
-1372
-773
9028
-3097
3810
3699
5785
-793
-1304
8502
3736
7943
-1562
-503
843
-7722
9848
2876
2574
6391
-6155
2092
-2755
5280
-3317
4006
-455
-6400
8657
-6077
6940
1905
5382
-4358
-2161
-7882
-3240
5048
-4998
700
8754
5392
3341
51
3757
-1676
-9578
3392
-4913
3126
-5615
-826
-7385
-8512
-6205
-9964
9799
9852
-6198
-6016
1790
-7593
-2460
-6320
55
-9306
4212
6086
-7005
-7431
5292
-3452
-4770
-7154
8553
6464
6926
5501
-8144
-9607
2038
-5510
2935
-3012
4591
-4329
671
-3118
-5022
3378
-2652
1273
-7428
2213
3098
8733
-6858
-789
1965
7288
3243
-1292
5071
-3837
6816
1310
1878
7697
7741
9972
9018
7409
1263
7063
7594
-9646
-2170
1825
-3224
6892
-262
-8150
7128
8797
6959
-2002
3939
3441
5414
4286
-257
-7038
-8230
8493
6830
-3427
-9801
-965
8267
8172
-5585
9783
-2957
-8530
9887
8741
9116
-5103
5797
-9675
1340
5
1929
-1707
-6941
-6049
1977
-1959
-5677
-9640
-4933
-3735
-1981
4530
-3539
-4873
-5738
8609
1359
-1924
-1492
2215
2010
6666
-108
-9779
8577
3829
-603
3925
6525
-7495
1444
2082
6001
-9104
4870
-6406
4696
4467
-8956
-4402
2681
-5404
-3854
9947
6044
755
9912
5050
7131
-7839
596
5366
8851
-1350
-537
-663
-1584
-3166
3697
-9988
-6390
3659
-2853
8958
-4772
8547
6044
2716
1796
-2986
-7214
-818
5553
3269
-1541
-5084
7586
-4357
-2434
-5207
9929
-4098
9803
6495
-1045
8476
-2917
-1960
7564
-1793
3876
3050
-5353
6297
-2749
9143
-1395
524
9958
4548
5027
6505
4465
7758
-2012
-4461
4230
149
-4400
7131
8695
3245
8816
7561
9541
3253
-9012
-4741
1313
2130
2867
1245
-4249
-7471
-2813
9894
8366
5343
-3042
1534
627
3970
9806
-902
-8002
6067
1219
9196
3237
-2631
-5098
-6281
-2013
-7845
-8777
-9695
-6101
9303
1446
8188
-5751
-6358
3033
1704
8662
2604
-5075
2906
-5024
-9274
8124
7722
-5348
186
-1773
-6149
-247
8939
7739
8980
26
7468
8927
6160
-9588
-9921
7569
3382
-6230
-1662
829
-5627
4675
5299
-7719
5223
750
7625
-6277
2624
7921
-2967
-3016
-6730
-5221
-7200
-2793
9435
-3074
6686
-7542
8567
646
8294
197
8380
-1375
-2108
-1124
-4298
-9221
-5048
9685
5802
1089
8207
206
-4256
-1822
6672
-6932
-2343
-8441
8902
9457
3474
8828
7060
-9615
301
-412
9685
-9531
5216
1724
9969
2112
-1103
1797
-9137
3543
15
5356
3299
4629
-7865
-1687
1756
-2167
7848
-4588
5901
1136
-7607
975
-3955
-7361
-3046
-3676
-4487
-2959
5114
-3856
-279
8771
1411
-7965
-9478
2951
913
-764
1908
-1347
-4274
-2374
140
-2727
-602
1640
4848
1544
7742
9810
1087
4629
-7256
9868
-5599
-5147
-9323
6269
-3150
-5016
-7548
-8167
9167
-5677
9221
4430
8781
5370
-4166
6080
3468
-6610
-7722
5855
9777
5450
-9619
8216
-6670
2924
-727
-7379
5925
3146
-1894
-947
7617
8027
266
4732
1140
-735
8444
5070
4996
-3106
972
6417
2435
3520
-2984
9160
-4978
2814
-6983
9952
5083
854
-4946
7533
-572
-8438
-8757
5878
-5783
7810
1141
-8691
6227
5945
-7457
-7462
-5327
-6498
2558
8737
-159
2084
-9403
3104
-5502
-9428
5042
-8883
-481
-1044
4594
8357
8179
8242
-7418
8272
-2645
-8523
-6044
-2353
7484
-4008
-6410
-2158
-8517
8352
-9493
-4335
-7277
-6566
-5359
4284
434
3496
2580
2345
-9329
663
5834
3033
-6465
2471
-3698
2141
-4570
1400
-8964
8254
8018
-2718
-1504
-6403
7990
8294
-483
8785
-2583
6602
-5624
5798
-2279
3585
-8296
-1104
-8325
-8832
-7312
-3585
-9586
-2909
-1945
2269
2225
-297
-2490
-3185
6844
-9912
-5376
1733
-7050
-6176
9743
8408
3221
6199
4845
7995
9716
-2554
3618
2842
5093
3135
-6316
-1251
-5994
1696
1796
3480
7984
-1306
1035
-905
4173
6306
-9111
-2395
5630
3138
5566
-3222
70
-4502
5972
-2707
-7736
5915
2092
9148
5318
-383
3508
9234
3947
-9805
-3574
-6149
4456
-7658
-1446
-4739
-5044
-9792
-2803
6851
56
-8076
-3113
-5721
-7575
-3310
-7833
9673
-3889
2991
4475
-7806
1798
9969
-1780
-104
-1765
6125
987
-4071
-9402
7207
1546
1933
-8173
4874
-5590
-5442
-2458
-9648
289
9825
97
-8091
7069
9814
-8620
-321
-2826
1921
3458
4553
-1203
9860
602
6550
-7161
-1240
1213
742
8289
-9407
-7706
1292
-891
-2124
-7382
-7355
8901
2245
3395
-3043
-5464
-3421
-7583
7620
8980
-9895
-293
4465
-9321
-2686
727
-1740
-3644
2135
-9171
-250
3412
7627
2909
1797
2524
-1752
-74
-7861
5230
-9751
-3578
-4592
-5877
3529
-1008
7521
-2492
3157
-3243
-1033
-854
5475
7762
8702
6560
-7017
7476
1668
7014
-1217
3045
2660
-6034
8717
-4651
-9856
-845
-1184
-7594
4350
543
3680
2471
8080
6091
-5954
1025
-299
7109
-7452
-7772
6796
2047
-5266
3869
-5867
5523
4709
-7956
6048
7670
4787
-1466
5538
2344
2925
7894
-3746
2786
-607
-3016
-3039
3331
-9449
1870
3139
-1931
609
-2280
-903
-5329
-7832
6988
-7174
-6798
9911
5370
-97
9154
1542
1834
-9497
-9605
8866
4243
-3095
8368
-5320
5757
2386
2877
5470
-2741
5231
-8074
4303
8058
-2352
-4087
7820
9078
-3531
-2809
-4063
113
-8535
4901
-9023
4892
-7307
-8196
-2916
8595
-1967
4227
-7578
-9111
-4170
-3143
-6791
503
-8174
873
7953
-544
-9900
-8618
-2724
4081
-3219
-6588
-7819
5485
-3742
-1560
3
3092
-2289
-7032
1660
7630
5395
-1703
-3586
5826
-9283
905
-8994
2526
2067
-6986
-1558
-3258
-9765
7575
8340
5577
-7226
-7463
6557
96
-1858
-5344
7628
1863
-4353
1191
2062
3885
3219
-4789
2116
-6528
-6621
3928
9795
-5833
-4675
-1665
6916
-8662
5539
9893
-5202
-3432
-7173
-1121
7886
-184
-4812
1071
-712
5372
-2275
-1781
-8321
8610
-3404
4332
-8728
-5270
3948
4494
4895
4158
-3863
6126
-5114
8443
3258
-4809
-7061
7793
-8523
261
4530
3411
8850
1479
5151
-6220
-8736
-5798
-7067
9818
6537
-2243
9054
8799
3278
4371
-9483
4637
7610
5519
5616
-3846
8280
-2205
-5605
9502
1808
9655
-8310
-4356
6272
5163
7560
7299
9870
-2634
4811
4103
-9900
7020
-4069
158
7038
-4684
9170
5901
3268
4419
-8290
6375
-5427
7412
-941
7706
9109
4554
978
2102
1815
5810
-5443
8971
-995
6161
8245
4434
6683
2310
-9240
-8259
-2756
4463
-9109
7283
9682
5486
1266
-969
7030
-8022
-7224
9921
2733
-1853
7123
7721
9043
8445
1628
1013
-5164
1005
-2240
-5342
7177
-7139
-3304
9772
4895
8250
-6844
8600
5545
2024
-8545
1896
-5487
-5577
5384
1624
9916
3324
-6444
6692
-6007
68
1742
3371
4945
5261
3536
4428
7182
3416
6002
-6351
-1824
-8873
-6550
7775
-4904
-3424
-9245
-3265
8809
-2822
3351
-3243
5532
9572
6694
9732
1352
-5213
6865
-1786
-2880
9255
3047
4064
-2640
5142
2870
5727
6606
-1174
-6068
5676
6566
8678
2292
-6638
-7548
-3486
1656
-9708
-8731
-4017
111
-4220
284
2298
1202
9476
9861
-5081
1979
2141
874
5001
-7127
-3636
2556
-123
-3672
9288
-674
-2895
8430
1435
-3343
-9959
-4471
5305
-1059
-2774
6649
9472
6508
-4413
-3969
-7898
5611
-3137
7640
7333
700
354
-2751
-4654
-2012
6903
-8450
4675
-1795
-8221
2745
-8582
3352
-2655
-7589
5353
1651
-9884
8777
6602
2732
-6828
8747
-6744
5076
-8216
3186
-3820
-5629
-847
-6992
5986
9186
-9479
-8691
-5046
-6788
4088
4442
-3242
1808
-4095
-6528
-9580
-5801
5202
-862
4150
-5010
-886
4393
2436
6963
-4504
-4058
-6791
-326
3780
-8126
-9738
201
-4428
-2692
-9660
-3271
9974
6636
-73
-2823
-3467
7798
594
8200
-7131
9105
-5306
9472
-6529
-7876
-4386
7349
-9041
-4563
7153
-3170
-1164
-2317
6963
7104
2330
5371
8952
-1647
-4179
4533
3855
-4846
-6530
5772
-9648
8846
3387
-9819
-7856
8361
8046
282
-9710
3465
-7545
803
-5223
-9279
-2201
-195
-8686
-5080
-6944
-251
-4438
198
1853
-4202
7181
7864
8502
-8252
677
-7760
-8855
4128
8333
4940
4760
533
-1369
2917
323
7667
-3887
-4976
-9396
-8493
-8165
-7214
387
-4711
-3859
-9027
-7252
1037
5119
-7018
-1376
-8859
-137
7911
6668
3927
7221
-4259
8555
1011
7440
4756
7518
5722
-1525
1524
5846
-2176
-1575
-2306
-7199
-8403
4265
-2150
3584
-440
3742
7192
-4764
-2555
7670
860
1876
7336
6844
-7238
-7910
3698
1654
-5141
3451
6950
-8342
8927
-5718
-7556
-6450
6014
-8596
-3720
-104
-8906
-5305
5756
6397
-8628
5495
-2081
-3208
7487
-5232
-7190
504
2650
7223
-1942
2060
9991
-7934
-7462
-3691
-8521
-4409
8636
3461
7234
9951
3117
-9463
-6358
115
-421
555
9843
-95
5566
5314
-5563
-5243
2079
1306
-6176
5301
7719
-1787
6203
-3667
4453
3082
-402
5452
-1823
5570
-5404
2533
-3874
7983
-2963
5388
8538
-4533
447
4845
6765
-7720
-5091
-2149
113
-6404
-6799
-8249
2272
-7188
4862
-6275
-8305
-7753
1125
-5872
1160
7154
9901
-3006
7398
-2511
1860
5864
-9173
9162
-3846
-5524
2816
-2877
-622
3977
-1358
-8244
-8731
-4670
-6784
-8825
7051
2570
8632
7217
4888
-7676
8400
4029
1366
847
-833
8941
8420
-6805
8783
-6411
-3063
-4213
8748
-1764
9779
-2799
2968
-548
-9954
-3528
-606
5045
1824
3433
4582
-466
-2393
8399
-1974
1744
-6904
3226
-8859
-8354
2087
-65
6486
3125
7400
-299
-3132
3204
8999
-9266
9250
5164
-3049
-4402
1211
-2257
1495
-9038
-7907
-4885
9854
-9610
-2392
-4899
-5591
-7420
6474
7330
5289
-9483
-2364
8457
-8277
-8209
6488
-3865
-7307
-9614
-7564
-801
4210
-5591
-3295
-3487
-2827
2546
-6707
8985
-2311
5836
-8685
-2365
-6146
-1042
756
-4456
5135
2167
-5949
-3525
-3573
3079
2699
-8133
6509
9593
2701
-7622
-5126
-8584
-3930
4706
-9471
-4795
-342
-8522
4826
-5079
4268
-7833
-4822
-8290
-2616
932
-5168
-6875
8346
-8532
-8483
7109
2166
-3074
-5292
9445
-3416
2864
4606
401
-4745
6184
-1730
333
9756
-7597
-8807
-726
-3512
-5310
9586
-5021
335
-2717
2787
7856
-7277
4335
-9545
-9659
9686
-9920
-8582
2239
-5182
-9198
-800
-1121
288
9285
-6704
8112
-826
-8198
9598
8215
-2076
-7118
-8507
7865
1001
8770
3867
-6610
8123
106
3838
-1637
3968
-2928
3912
5039
-6138
8124
-1877
-9817
-6531
-1411
-6713
3300
8143
7877
-1822
-7909
3913
5743
-3008
-968
2855
-3503
-1840
8793
-9291
6991
-4272
8251
-734
6415
7814
8788
964
6573
-8550
7402
-1834
-5119
-9991
-4586
7682
-1137
5813
8135
-557
8018
-8585
-959
5620
-2760
5416
8248
5206
3247
-8372
7911
-335
-4171
286
6101
-7220
8459
3369
6038
1788
7476
4026
-9891
8167
-8205
9884
-6149
-7073
9842
-2037
668
-1763
9220
9909
-17
-5943
8853
5897
3980
8007
9545
-2022
8309
3468
-8704
8159
8751
-9956
-4537
2460
8546
6421
-632
3241
2943
1428
4477
-1481
-9085
2147
883
6795
4
9357
-3828
4697
-7569
-2975
-9389
7418
-1063
3428
-2181
358
959
-4085
663
-5623
-1611
-8921
727
-2171
9433
-6520
1605
-3135
-7106
9950
1741
-7927
2956
-6303
6428
9629
321
-285
-7667
6495
4843
-9000
-1842
7545
-1320
9205
5774
-5956
-5412
-8975
3983
-5755
3262
2312
-7739
-2169
7425
-10000
982
-9703
-7147
1636
-9195
5217
357
7495
-4803
8012
4002
-3646
-5700
-3224
-2477
8123
2199
9545
-3035
9892
-379
-1324
-1107
-3217
-7419
-8270
-6732
-5734
-2887
-4920
-8204
3538
-5681
-8836
6885
-6978
-2498
2830
-8936
-8779
-3634
4745
9811
-5218
-167
2467
-2913
8139
-7072
5629
-7400
7249
-5511
1406
5995
5560
-1623
-2126
-9442
-817
-3767
-3952
7728
2092
9287
-9414
-9506
-8490
6661
-6627
-8379
-7939
-797
514
-6181
-6711
-5942
-1057
5992
6888
-2930
9468
8449
-8533
2388
-126
8388
-1400
-1588
-5641
-5548
1802
1745
299
-9453
-9736
2692
-2039
1692
5814
7468
8222
-4455
4155
-6889
4731
7042
2821
9506
7359
7653
6569
-142
6674
2485
3323
-6910
2140
133
8665
8119
9790
7665
7245
-6240
5507
7515
-287
-8352
-1015
2237
-4650
-5879
-4359
9028
6175
-7348
-3177
-112
-2148
4321
-6089
-8755
-2852
-8282
666
-7647
-1470
-8708
9425
3994
-8297
-8583
-8503
-2832
5288
-3096
5692
-1078
8307
226
-2937
-9544
-1613
8977
395
-844
2431
-3594
9572
5623
4404
-3404
-4845
731
-1035
5813
-8129
480
8740
7214
-4395
-6468
-7780
-4488
-9808
287
8364
-3599
2681
-9436
-8022
4092
7312
6327
7978
3550
3553
-3824
6326
-6608
-2953
-8624
2944
128
7394
2724
2377
-5452
3695
7737
-7493
-1889
5103
-4648
1448
-1916
2810
-1428
1783
4534
1069
-1859
-1960
-6155
9479
-4461
5083
8374
6013
-6064
1147
-7388
3573
-5441
924
-6852
-9769
3263
-1925
2813
6760
1782
6303
-7846
3673
-425
-4940
7901
3591
2112
-2244
2132
-8880
-9847
-4913
4421
6129
-9349
-5611
-8318
9912
5146
1463
-934
-8963
2145
-970
-9427
-2316
-2733
-3265
3620
2989
-8793
-8782
-1826
-9766
6107
9373
2788
2749
7398
4548
2643
-8190
1827
-1718
-5471
-6733
1536
9177
-6258
2453
-9358
-5530
1944
582
7709
-8350
9855
-4664
8611
9609
-6793
428
6818
8273
234
7278
2766
-1007
-6791
2513
-4687
7993
7067
-9419
8682
3591
-2567
-26
-4145
-3371
3705
9269
-2201
-4975
309
6777
7444
8454
3448
3615
-2586
8691
1924
5428
9244
-4526
7755
-3964
-8246
-8321
-1815
2055
-306
774
1930
-3495
4536
1528
-5868
1005
1968
-9515
-9942
9279
-8349
-3869
176
-404
-5592
2890
-5479
-3543
-4377
-174
-9636
-6258
-6875
9605
723
7554
-7514
8566
-7758
9803
5147
-4741
400
4425
-504
-6473
8468
7824
6259
8530
4776
-2018
-6160
-1998
-7151
-1274
4227
2408
-5135
5702
-8040
5052
-6552
-6253
2792
-6456
-7559
7512
3335
1743
-896
7488
-7027
-322
5751
5106
8028
982
6344
7853
4340
-2108
-6524
2699
-2827
9214
-8698
3125
-5489
-8050
2742
6271
6605
2837
-2163
8678
4219
-7470
-6662
-8520
-704
5602
7321
8140
768
-4608
-399
1025
9974
-4282
-2262
-5487
-2678
-4997
9011
-3669
-2765
-9139
4075
9530
-6653
-3685
-2470
9980
8756
7623
2539
-9891
2702
6712
-1304
1951
-1335
-8115
-4667
9099
-5175
-1829
576
2821
-9155
-1046
-2487
41
-1088
-4757
-8435
3364
1938
3255
-3657
8829
-8158
-4066
8128
-2103
6432
7606
-7040
8462
-8455
-2650
5567
1452
-4835
4884
-8505
5149
7831
1456
9668
-3885
-154
8428
3519
6734
-3131
3603
9288
3790
8971
-8128
3221
-4875
3294
2828
6200
-2656
-9921
-7665
-7279
946
-2068
-2193
-7602
-4320
3855
7645
9637
-9695
-8675
-1637
-7297
-371
7014
3057
-9506
-5670
-7798
6265
-3737
-6158
-5717
5412
6847
-3035
3747
9873
-6653
-2743
-1026
-7167
7641
-9498
-6069
4383
230
-9337
7520
-9838
-4916
8149
-4287
-8158
-2728
8964
4480
6684
9778
5492
-1464
5078
-5206
5825
-9148
-929
340
1992
5204
1216
3089
-2136
-4819
-1095
2180
5678
9724
2500
5502
2702
8000
-3516
-8535
-2071
9590
-6152
-6653
6786
7368
2966
-8641
-6206
1898
1165
-1254
-2576
6080
-6166
-6713
-8451
-2181
-2066
-8536
-3837
-7909
2122
917
-6402
2071
8361
9075
4460
132
215
3745
4989
9302
-8512
-3033
-378
1360
-9712
1325
7083
-3355
-5435
-5848
-5448
-7669
2095
-9950
-1533
-1576
5558
-8979
5568
-9345
6005
-2803
4887
1998
2315
-2636
-9486
-6792
5739
1178
7162
-9103
1142
131
-5560
-2859
-6526
2043
-4266
6669
-5031
3791
-3050
-2661
9821
-2837
-9368
-6621
-3538
-8432
-4195
-946
-2955
-3664
-5057
1362
6826
1721
-5275
9782
6817
-3596
1770
433
6168
5812
-4158
-7993
463
-6942
193
-7824
5640
6746
-3713
8987
-1109
402
4013
-9146
-4196
1161
-5415
1027
-1930
-2339
6284
8731
-552
3827
4913
-6351
8831
-4850
-6667
1841
6563
-5625
-2094
6105
6847
1070
127
297
9095
-5908
7955
4300
-2147
3862
-7430
9106
-5036
-9774
-1549
7727
8902
-3126
-3438
-3492
9465
-1868
8513
6601
8710
4351
3698
-4529
-7848
8844
6649
-7965
9105
7747
9838
44
2154
-408
-1417
-3939
3030
-2206
1153
4799
-7301
-4324
-3240
4446
-343
7906
-4106
5460
-7319
7904
-7494
8958
-9250
5047
6692
-723
9620
-7104
3766
-7293
-4856
6237
7833
6434
-8089
4316
-5117
-5743
-9652
-4419
7288
2110
-6240
6538
-3497
-1828
-4137
1280
-200
5855
4114
-1775
-5856
-5142
-6816
9075
6961
253
4218
-5455
-4419
2371
3709
8050
6054
-7590
-534
6480
2902
-3855
-2252
4593
4936
5942
-9991
8170
-161
-2979
-2967
-3777
4881
1666
-8146
-7513
-9271
-6748
-2936
-8335
-8857
8908
5213
6083
9262
-8914
6416
-5269
-7901
4529
2768
846
331
-7716
-8854
-4822
-4468
6890
1724
-5185
-5071
-2591
-2197
2387
-8485
-1825
-3236
3147
-3265
8741
879
-6693
-6877
-2206
-3019
-1985
9429
-8316
9894
-4351
1842
-7886
3232
-9112
1531
-887
7579
-6517
4744
7866
-5740
-4337
-9177
-7651
9982
-6630
-4356
-731
4483
5113
6815
6497
-3014
-7327
-5684
-7061
9684
-5729
5933
-2238
7997
-4945
6291
-8743
5461
321
7359
-4771
8922
-718
-1538
5616
-8152
-2231
6335
-9828
817
7267
131
-6705
4991
-2220
2242
-7761
1475
9182
-1534
84
6160
-5373
580
4705
-4381
3748
-4321
-5751
-3813
9025
2722
-1185
9443
-5912
4264
9451
-8572
-3438
-5274
-1909
-4900
1003
-872
9216
7672
-8250
-9425
-3323
-4452
3968
-7015
8708
-3745
-2419
-2221
-6791
2411
-8458
-2366
2541
9264
5661
-276
-422
3545
6843
-3211
-174
-2811
8522
-2785
-4381
-2606
-2323
751
2066
-1112
-8714
6005
5260
3688
5519
-911
5421
6804
-4370
-2500
-4877
-760
4679
8825
6206
6776
7794
253
-9323
2155
-143
3267
-4747
-6154
7746
-5835
7445
-1366
8883
4792
5333
8992
-7188
-3911
7406
-2745
-4172
4925
7974
-6245
-977
-8265
-962
-9526
-9155
4049
-2835
-4204
5756
-2848
-5491
2148
815
3593
-7770
792
-4967
-5074
-34
-847
-9209
-9483
-6508
1260
6196
5583
4270
-742
3401
9203
-6778
-6979
-8641
3480
-5350
6286
-8932
5048
352
-4232
-836
672
-4313
-5208
210
8758
-4853
-125
-681
-8965
6843
-6925
-1940
-1282
7677
1197
4395
-5165
4807
6863
3554
9540
-4600
5291
5264
-2260
509
7921
-5337
3085
-2822
3114
-6741
2864
-1431
5414
-147
-6185
-6733
-6386
-7089
-7736
-8442
-412
2732
7744
6603
-36
-5997
-5558
4955
-1367
5713
-2080
-8531
164
5997
438
-6219
-2953
6305
9409
2886
873
3582
-8613
-3340
6236
3462
-2336
-1626
-9906
2411
-8691
2000
5952
9988
-5125
-4210
-5210
-1585
-8396
1597
553
6453
6670
3266
1953
4885
3020
-1865
-9640
-4858
9690
2576
5253
-4400
-822
-3131
-5241
-1068
-6996
9409
-4688
-4223
-6576
2413
-1277
6662
8574
-7380
2056
-2994
6024
8024
4761
-2536
-4661
427
-9400
-6354
-6726
5229
198
-5278
6114
-7182
4853
-2415
3346
-1723
-7056
-3198
1232
6768
-6184
1518
-7457
3938
-8070
9561
-9679
-713
-9541
2915
7866
9256
-691
-9698
-2524
6200
7123
5116
6857
-6325
952
-2717
3124
7126
-6974
8322
9644
-2368
-8758
-1723
-8984
6548
-1213
-4067
3515
393
-3718
5748
219
-2235
-4469
7322
-586
600
5863
-5209
-3192
-393
-169
-443
2995
-1521
-2248
-7174
-1223
-1750
-7953
-9214
6745
-1591
8664
-1332
5707
-9110
3915
1507
-5315
-9494
5427
-8846
6772
5009
-8483
-6371
-5476
-328
9039
2284
1187
-9824
7092
7693
-1561
9448
635
8266
-5966
-2374
2111
5931
-7099
6116
-3041
8973
-8489
-8234
7023
6738
1784
5754
1259
-9389
-6515
1380
-8578
-6203
7101
7117
9664
6851
6738
-8925
6929
6642
-1192
4406
5347
2711
9235
7292
2730
-2923
5286
8699
-6361
9700
-484
9057
-3239
2927
5138
382
-5001
-2612
4806
-6230
-8849
-7004
6792
-3184
-8821
537
7536
4349
-7840
2718
-5475
-4028
6865
7363
5720
510
2267
-2261
6161
3259
7150
2162
-1620
6168
-782
-5568
2357
-6098
5022
4557
8941
-8680
4150
-8127
-312
-904
-9892
6846
2578
4630
449
1579
-5058
-1608
-1390
-6576
2320
-6826
4497
-326
-4072
-5370
6675
4159
951
-1656
-8637
493
3213
7708
4085
2984
5489
1956
9
3109
-5238
8001
-3041
-2995
-6692
2807
-9382
5603
-8895
-4677
3458
-9682
2512
-7651
-2083
-5094
5523
-501
-1799
-284
-6865
-1739
9621
-9447
-229
-3628
2979
9062
-8374
-3796
-8368
9480
2932
-3357
-8072
4385
5731
-4901
2990
9976
-5916
-3693
-6344
-8250
-6932
-2263
9238
-6595
-7169
-1613
7413
8471
-2321
6025
-8684
6627
-8171
3333
-1951
3059
4484
4141
3055
-6619
-3094
6238
5081
-2689
4315
7603
-5410
4024
-927
1950
-8933
420
8686
1880
4231
4310
-5064
8183
4171
-6824
4118
-2572
-9514
-5327
5092
-4670
9873
-4361
5970
-6354
-4465
-4416
6878
8356
8302
-6274
3656
9616
2280
-4238
-9934
8809
717
-2719
-859
-1500
-3000
-3242
4045
2162
3965
9685
316
-3180
-1355
8970
7342
-2306
9902
3118
-1559
63
6521
-9368
-4737
8266
-4967
2428
-6524
-9895
3891
-8146
2800
1708
6788
-1884
2180
1869
5243
9349
1265
740
-1061
-9426
3021
1962
8439
7773
5029
2392
-5171
-2711
2436
3111
-6426
212
-4006
8829
4675
8130
-4274
-1436
9430
6083
-1139
7972
5050
124
-2691
-247
5256
-3393
3273
-1904
6603
245
-2244
1139
3179
9199
6499
-6175
-6370
-3276
-348
7483
7882
-2229
-1024
-135
2052
-1976
8976
-772
-2193
4033
529
1743
7035
616
-7634
-1188
-2674
-6514
1325
-5857
-2134
-5370
-128
8765
2566
7009
4433
6346
5828
3864
-746
7788
-418
8289
3622
4465
258
-217
-9780
-2002
806
3582
8108
-5588
325
-7564
4389
-9889
4352
-5289
4222
5599
6068
-3746
1142
5792
-2667
9875
8977
6983
-9394
-7971
-4265
5127
2368
3245
-7582
-4700
8771
-9228
-198
-6386
-6419
32
8239
359
-7880
-1051
-4698
5176
9731
3873
9534
-7600
-9353
4575
-8654
-6103
-5334
5657
-5602
-3346
1044
544
6698
-1689
3742
-9510
8663
-2908
-8012
7231
-4865
9151
1171
51
2061
-3635
6714
-3819
8970
4252
-4685
8950
-7197
113
2174
-8924
7525
1862
-2052
3471
-4629
-9375
-3687
3912
-7506
-6663
-9461
-6803
-9226
-6959
-5989
-1938
5954
-5215
-3115
8395
-2535
5671
8401
3792
-6697
-3658
-3215
874
-4742
-7511
3431
-2631
1774
-55
9908
-698
-4864
3704
469
-5722
2038
-8087
-9251
8925
6876
2680
-1664
-5946
4215
-9831
-5105
4636
6011
2917
2137
-6315
-7968
4283
-701
7078
-7380
4000
-3359
2202
2632
2219
2410
-5594
8614
-5623
8396
-6717
8012
-4522
3168
-8689
-5935
6637
6627
-1007
9442
-4097
-8411
-417
-3811
5099
-5374
2828
-161
-7178
6869
2934
5333
9161
-9822
-7322
1769
-5072
-6079
-6758
-9047
-9563
-1327
-4706
2037
3322
3270
-1438
-6332
-7506
4692
7892
6422
-6792
-6174
5530
-8136
4344
-2897
4320
-2236
-934
-1511
-1888
2277
606
-2725
-2704
6866
1919
2147
8178
4819
3670
-364
-1698
-4176
6982
756
-6721
2447
-5835
4092
9084
7109
-2034
-786
6062
4285
-5851
-1179
-9011
-8127
-2066
-4217
1872
914
6583
1159
7644
-8753
2637
-2708
5460
-1345
9756
4561
7932
-9556
7677
-8709
7390
-3319
-317
-3806
-3999
-562
7291
4832
-5358
757
8266
3873
-1560
-7256
7565
-9781
-849
3634
-7345
-2868
1226
7722
-6157
-9293
4561
7086
304
-448
2082
-4523
460
7173
7568
-4222
9126
-8309
9689
8053
-3467
-5502
-6911
9891
-8064
-1684
-3243
-8136
3762
6310
-4482
9391
6128
8493
-9473
2703
8542
-7002
8343
-6765
-571
1131
-6225
2138
3548
2584
-9515
-6672
1980
4607
9013
2433
6925
3390
-1033
-8868
-7063
7583
-3082
-3914
5846
9404
-8061
-1655
8474
-510
-7514
9215
-2747
7491
-6166
-2500
-5789
-4466
-4423
-6424
-5488
3706
4284
6186
-5816
7815
4839
2192
-9294
9926
4392
8462
6517
-7333
-1108
8601
3333
-4683
-3217
2219
-8845
-4034
-6494
-9057
8881
773
8291
-8373
-2837
-1860
4087
-912
1680
-9305
1890
-122
6683
-7590
3962
1513
8235
8333
350
5150
9195
8360
-4290
-1722
-5893
2310
709
-3854
-4386
-4332
8205
6348
1356
6216
9338
3488
-5499
1163
-430
-7516
-9836
-1153
8596
1710
4279
450
6153
4946
-9597
-6149
6849
-5459
5593
-7726
5014
3122
3664
-4267
-9603
5302
5065
7387
2828
4347
3287
5182
3407
-8848
371
6534
4896
-4516
-6956
4316
412
-2634
-1761
7111
3933
-1205
8880
9532
-6578
5937
8163
-7296
7436
-9281
9968
3783
-2885
-1765
-3583
-9779
-6335
-3342
-5916
2232
-1344
4795
4247
-1262
-303
-9255
3095
2040
-9831
2059
-4593
-2300
-629
870
-7452
5830
-7670
-7244
-1745
-1669
8499
-7355
951
-705
-2551
8667
9115
2438
9157
-8585
5961
-6449
-8801
4863
1913
9063
5779
-540
-358
9079
4273
-5509
3871
-9206
-6382
6692
555
-9270
7714
1458
-7791
-5806
-42
-7815
8072
-6802
3773
4361
-3252
-2957
-6836
-5755
-5426
2773
-7713
2173
-2200
-4038
1619
-2242
-3580
6922
-7949
-2907
-8320
-5218
4730
-6126
681
-7841
-6855
-9421
463
7386
3004
1682
5472
-4799
8127
6553
1025
2811
-6555
-287
-9083
-1867
-8447
5302
5598
-9358
1463
-3014
3782
3816
1328
4009
-8203
-1713
7815
7691
8772
-1983
2740
-7384
-7998
5101
-8763
736
3167
3929
-5822
3194
9666
-2233
-1966
9720
5251
-1878
9480
158
3627
-700
4050
-3764
270
-8766
2715
6238
6263
9868
1849
-287
-517
4065
828
-8080
6239
-7953
-5929
5687
-1223
-2866
-4068
3517
-2052
9847
9986
-888
-3380
-1024
3168
-9795
-2856
3104
6239
-150
-9627
4909
-8150
-4741
3829
7549
-4085
3368
9047
-1458
9753
-838
7480
-8316
1207
917
4280
-5974
-3155
-8353
-5726
-2237
6523
-7653
4484
-3972
8864
5049
4752
-8673
-9160
-2496
5189
-3370
5414
2183
-4708
-6572
-2000
-7417
-2456
-4906
-7957
2935
3670
-765
1581
4085
-744
-8896
-271
-4920
7891
9348
-6101
-9821
-2398
7013
7137
7646
9071
-7947
-6779
-8742
-3118
4475
3559
-6013
5511
2175
9948
-900
-3769
-1322
-6540
-4106
-3830
800
675
-241
-5105
3758
-2704
-7497
-4349
860
9161
-4881
-7774
-754
6014
7864
4472
758
-7145
-2351
304
7627
-9502
-4849
-5497
8965
7731
-9622
4555
3191
-3251
-7220
-2944
-2620
7387
-1838
-8642
8166
8556
9860
9746
4800
2629
-8749
-4424
-4438
-9114
-8445
-2592
-9226
-7423
-962
-6176
9890
-8414
1989
7154
6810
-9546
5002
523
8476
-2814
-887
-5974
-5364
5851
-1982
-73
-7884
-4103
-5487
412
3155
-5103
1354
5126
-9303
-6580
3336
3993
-6811
-6552
7954
3946
4511
5746
-1240
-1822
2395
2820
2899
-5482
1174
8167
155
1464
-8501
3181
9540
-5987
8597
3725
6785
-1937
2280
-8689
4750
8964
5621
1261
1513
2477
5131
-760
-1423
5687
9376
-9467
442
3556
4889
4899
5762
-9859
-3971
-6076
2762
-1379
6207
7045
5687
-4322
9810
2648
2322
7303
8232
3695
6514
3683
-3249
-2930
2957
-2444
-2388
-5480
187
-2856
-5826
7940
9675
782
-7663
4759
-481
5281
-6714
5847
1022
8917
5516
4259
-690
7921
-7661
-8759
-8515
1778
9241
5609
5868
6453
-4389
-9779
-1577
992
6446
2336
452
-7620
-4885
4276
-7323
-7088
8034
-9373
-9939
-98
-4429
-9685
4543
1869
3158
-1623
5663
-4568
34
-8389
-3015
-2304
8873
5011
-5264
-4957
2190
9514
-2961
-9161
9774
7089
1723
-3943
1634
2136
3839
1320
7598
-7730
-9513
9783
-9523
-5567
3717
-5364
6502
3310
-1194
9685
-514
785
9318
8194
-136
-2803
-3803
8773
3616
-4024
-5052
4554
3697
-6308
4227
-4149
198
-684
-8014
2030
-2243
9302
-9771
7958
1481
-5852
-6765
-765
4171
8153
3172
-4961
491
454
-3849
-9632
5255
-6759
-7552
-5476
-2293
-4567
-3733
7004
-218
-2588
4050
-3126
-3061
6997
7066
-7571
-1711
7613
-5638
-3357
7834
-6458
-933
4316
6353
7154
-9605
-9155
-4324
-7798
3602
4731
8694
9563
9469
4090
9551
-9952
-9048
-8636
2064
5342
-9725
4687
-8864
1109
3943
-524
8882
-2660
-9028
-540
-6867
-3617
-2854
6459
1819
-7277
3813
-84
8988
9153
1723
-2471
-2008
-9382
-2814
3639
-3544
-8802
8504
-7625
-8362
-9089
7771
-5626
-1634
2602
3043
-8808
-3752
8143
5173
-2882
-8048
-6241
2456
2583
6843
9724
3291
-7136
-6238
9628
-5508
8089
4965
-8792
3992
5090
9412
2463
332
6111
9895
6632
63
5074
-5068
7086
2991
9551
-1534
1558
8728
-3628
6960
4573
2752
-6111
2990
-4259
4525
-8005
9176
6704
209
-149
273
-3254
-2750
-1443
6663
-1674
7551
1570
-2792
-4787
-5135
4904
1812
8377
-1976
1778
-5407
-9805
-7335
-8133
-4824
1268
-6178
9333
-11
7343
-6683
9435
4775
4184
-5684
-60
8319
-6498
5194
7801
-9989
-9675
2811
-1414
-2328
-4582
6054
-3411
-4892
8578
4306
-1800
-491
4647
4948
-588
-5348
-3898
-4583
933
3771
5063
-3284
-9167
930
3022
8826
9210
720
-8428
2680
-361
6632
4700
2956
-2866
-3307
1007
237
-371
-8449
8131
-2994
-6596
7709
-1098
4444
4892
-8222
-4318
8581
9558
-4417
-7612
-157
478
-4516
4666
-1044
-1635
-3849
6405
608
-3729
3096
5125
-5616
-7202
4788
2329
1675
2635
-470
1423
4259
-6207
-8308
-6395
585
8291
9389
-7932
5883
4808
-3582
-2190
-637
-8413
-7141
44
-8120
9494
-5885
-4076
481
4152
-3797
9301
9075
-4899
-9496
-1800
8532
-68
5882
1288
-970
1164
5477
5184
-4692
268
-7333
2253
4532
5250
-3156
-4497
-1741
-6763
6550
-9052
1948
3423
6839
3039
4003
4613
-7777
-5171
-9300
1833
-9308
-3870
1827
4844
-1299
7413
-7018
-4571
-1029
-696
2910
7581
-4931
-5623
1181
7657
-5881
3211
-206
3590
3022
-8084
-6913
5160
-9950
6351
9007
-3154
-7652
6337
6837
-2410
-6462
8097
3857
1804
1024
3878
4025
-4905
-7726
-1698
9538
1411
-7585
1101
2632
-1436
-1321
-6044
-4597
1719
-4726
-9216
9528
-1940
7968
9675
655
-3043
-9338
6249
-684
-5187
1825
-4287
-5073
5899
-4755
289
5792
-3660
-5353
7849
8470
-2112
-1550
1999
-9592
-3016
-6211
-1792
597
-6016
1726
-2486
4523
-8554
-7447
-2137
-5517
-1955
1434
-4214
9911
-2757
-1833
-3653
-7055
-2898
7754
-7679
-7102
-7444
-100
9570
1650
2000
-1025
-1122
-3319
-1791
7015
6569
-205
5763
6171
658
-6667
1416
6580
9425
2878
9819
4424
1590
1818
4547
6982
2203
4835
667
396
-4848
-4452
7588
-5047
-7092
-4873
2182
4742
-4568
3060
-6623
-8858
-2534
9329
-5312
7912
-978
1369
-504
-2320
4712
-238
-2909
-101
-9281
6689
-7456
-1309
6128
-8175
-6993
-7446
54
-1300
-3776
4365
8731
-3362
1500
7106
-9141
-1865
-2509
7825
-3261
5796
9974
-1016
6196
-7095
26
-1358
6937
7504
-6672
-712
-8645
9722
-1834
4448
-8287
9090
-2966
-3346
-7565
7463
3154
-4024
-426
-7931
-6300
7720
-1203
2509
-5267
680
4208
7455
4796
9504
1284
-1830
1875
-8502
-9404
-4688
-2141
1614
7669
2870
6627
5515
4428
-6574
-8122
-6318
7042
9716
-1238
901
-6931
6128
-9063
2989
-6603
-6255
-231
-78
9406
8048
-4183
-2721
854
-7345
-2825
4647
6627
2357
-2610
3805
3261
7845
-8318
3745
5356
3542
340
9257
-4768
-4154
-3711
4992
9148
-3582
1616
-7044
-2325
-6452
52
8887
5287
-5000
-8346
2007
201
6023
9478
-3919
3832
-8620
-5386
-6734
5809
-9510
7923
-5973
5151
5070
-9731
3168
-4815
2278
7052
-1967
4497
2126
5190
8619
7395
7441
-5373
9436
5974
-9342
-5246
3392
9478
-7586
8460
-1892
5108
-8093
-3745
-6031
8568
4967
-4177
3998
-5679
-5040
-4467
1322
-2992
-5433
-9683
2139
-8614
3191
5397
-8953
-3321
9418
7253
2975
-2555
2541
-3723
6988
-2051
-9318
852
-6445
-1745
3261
-6069
8593
-8176
8174
5029
-6653
3789
-5751
8108
2307
-5503
8717
6981
4713
2219
-6717
-8424
-6078
9114
2594
-2402
2351
2241
897
2283
4257
3708
-3888
-5095
-2115
-9446
2726
2656
8484
3620
-4067
4154
-4330
-7748
6003
-8799
-7426
-6558
3172
-6491
-7872
-3750
-865
8190
-5155
9719
964
-5575
-7917
-2804
28
6736
1036
-7043
7563
-7374
2789
8441
3325
2978
7432
651
9688
8417
-6535
5041
-9657
3601
1446
-9014
-8310
1430
-2495
-5824
4714
3837
3757
-7609
-2483
8981
5167
-8890
-2257
-3507
4748
3875
-2324
9624
9806
8591
6728
-3637
-284
2738
-2171
1899
-18
7577
7037
6825
-5097
5666
-8524
5935
4570
-303
-1421
-4845
-7472
-5442
7089
-7818
4939
-6823
-9088
4409
8062
-7076
1635
-9023
-7736
6998
-9598
1619
-8058
-4632
-3996
1856
1650
9968
5982
-4804
9054
-9994
-4319
3586
8593
-2294
3197
-3518
6953
-8891
3842
8686
44
8214
-4726
-1016
9760
3590
6640
-1042
1920
-5404
-7480
8677
3538
8336
2054
-8890
-1069
-3111
8201
-4856
-3538
9557
2608
-6512
-6507
-1021
3893
-6905
-7262
2293
-7241
-9232
8440
5903
8782
4600
-3934
-6447
-8368
3605
817
857
-1750
122
7249
-8935
-9096
-4198
-6643
-5036
-2364
3003
-2396
4123
5238
3572
2265
-1636
-8404
4441
-288
5877
-4036
7420
-3607
3440
2214
1408
-6711
-8154
-9310
-9028
-9316
-8400
9704
-2839
8923
-5183
4286
4931
2849
-1277
3463
-904
-4736
-4079
-2346
7730
5767
8933
2891
-9785
1519
683
1701
9648
6651
-3435
7141
-7209
3725
9421
5281
-741
3567
-2881
2597
-3026
-2697
9634
8794
-9182
-5038
2371
9099
6916
-9950
2580
6860
-1291
-7548
4586
3608
-4552
9469
4688
9760
9781
-2518
-7856
8744
-7366
492
-2737
3130
-6670
-8174
-2998
-8406
8250
2921
-7872
3478
6922
-9311
-8416
6479
-3513
-4994
-1531
-3171
-9105
-7981
8291
-676
2271
6337
1731
7506
-4241
7703
-9416
-6814
2408
-8799
4481
5640
7208
-2872
-112
627
4772
2055
-7538
595
-9879
-7438
-2433
-7845
-3173
-2216
-2193
-9346
-6930
8562
-2997
7395
-9789
9566
-7812
1385
-2672
-276
2719
-9126
-4355
4126
-6242
-295
-6983
-5269
8771
57
-1094
-9398
-4404
6736
-9179
-2798
-5479
5691
6950
-1851
6889
-4102
-7353
-6993
8762
-9591
5535
-1223
-4545
7509
-377
2252
8245
8210
1324
9234
5477
-8751
-2796
-9459
-2900
-8523
-9458
-8403
-9738
-3958
6639
-4509
-4691
5400
-915
-6652
6056
6301
-182
1883
4299
-8070
-2301
3771
-5138
-6175
-5715
-6794
9995
8018
-1811
-8761
-8859
3337
8983
-3944
7215
4709
-5552
5336
-4984
-2488
-1772
1984
4764
3918
-4089
-6843
5128
-3754
2038
548
483
28
5273
-1896
996
8314
-2926
-2081
-2786
-7980
-4371
-7510
-2836
-5685
-7960
-2918
7706
6163
2997
8943
-8744
8206
-5362
3238
-7211
9645
-5864
6708
-6728
-8179
448
8557
-283
9331
-9199
-7416
-8193
-3261
-9043
-9947
397
-1018
1485
759
7683
-9179
-9365
-1661
-6211
7991
-3938
-8308
2219
-4237
9718
-548
-9537
-6529
-5667
6502
-4136
-6683
-5529
-3706
9772
6355
5198
7397
3527
-7984
-1090
8022
8481
-2673
-942
-5014
-5290
-6093
9590
2291
4344
-2494
5908
-7458
3923
8467
6101
-4402
7419
6490
-2416
-2094
7361
6415
-675
6940
4782
5516
-3805
395
9806
-9214
417
4869
-7133
-3191
-2669
9608
8729
594
3503
-6229
6338
-4105
2481
-4192
-8092
-2149
9987
-4006
4492
3620
1227
-7040
2913
-6476
5396
-6866
-1844
6045
7300
-3786
-8180
-2242
-6076
-1610
1046
-1307
-2583
9850
-2073
-278
8231
-2468
-4364
7477
-8173
-5401
3886
-1316
1607
-8168
3720
7702
1838
-4758
-7968
-7681
8175
8231
2993
-6541
5892
-1327
7478
4729
8889
-3668
3612
-7271
-7285
-1498
-4794
-9938
-6278
5495
8060
3396
6091
6598
-4909
2256
4905
-7023
6240
-1740
-6597
-1066
-7630
-483
-4732
-9736
-1281
9276
-6662
4236
8415
-6412
7540
7978
-7617
7249
2965
-7312
5567
6690
-5959
-2060
7961
-2326
3756
-3613
-8717
1460
-1408
-9029
3951
-3886
6485
2435
1801
63
630
9399
-1759
-4829
6805
-6789
-2094
898
-6986
2046
1170
-6792
3857
-1899
-2504
-1298
2298
6549
501
2286
-818
-6321
-1691
-1131
1950
-1552
-2096
6423
6500
-6240
-7051
3096
5410
4212
-4774
6512
-1228
9937
-1083
4873
6624
4666
-2232
2950
-6324
-4606
-315
7933
5097
-9577
3632
3994
-8945
2573
-272
-8828
-2080
8348
5122
-3402
-4962
8375
-2554
4382
-9401
4838
7413
5004
3047
-5573
-6877
-6220
4166
9784
2288
2198
3085
-6701
-6056
4084
6965
-6841
545
-3521
2218
-4194
-4038
2256
5542
2076
4854
-9690
566
8544
7893
7038
4432
3330
-355
-3802
8503
8086
6445
-7399
8290
8341
9111
-8316
1402
-4063
3262
6852
6856
8016
3395
653
-2196
8143
-4505
-904
-439
-9177
8222
5482
-1615
6209
8845
8688
-9152
-6707
-4657
-7430
9856
-3351
324
-3740
-4547
-1514
-1584
-8242
7038
-2708
-6617
1285
3206
626
-7978
757
-4483
7566
8352
3904
-3643
3932
9571
-2123
3476
8980
8113
1038
9884
4248
6595
-5511
-9084
-726
3928
3333
-1915
7317
4336
-9983
3640
9744
7664
-8482
-8819
6521
8765
9299
-2811
-9048
-7147
-9274
-8350
3536
-1535
-4481
-7425
-4582
1861
-7365
-3619
915
4905
6268
9844
-4737
-446
4175
1305
-1715
-2998
-5413
-16
-3104
-5079
5562
6195
5685
2115
-6398
3686
-6314
8220
714
7904
585
6161
7409
-2655
-9704
-1249
-4438
6036
7985
8028
5003
-8761
5193
8769
2650
829
-7939
-455
311
-9045
-1646
-4679
-934
-3258
-7033
6090
-8374
2759
1117
-466
4656
-9366
-5121
-8460
3804
-8702
8810
-3667
5927
8037
-464
1215
9263
895
2321
-7905
0
-1719
-7696
-9735
-1248
6343
4830
9639
5154
6033
8036
7081
-1371
75
-752
5470
9857
1471
-7311
5971
7383
6038
-1984
9725
-1370
-3207
-7549
-8339
9726
9169
-6243
-5051
3477
9580
4224
-8607
5538
6416
8125
-6577
-7020
-8070
-6387
4948
-3323
-2758
-2797
760
1856
-2103
5727
-217
-5365
8455
-5559
9285
-5745
-9945
-9350
839
-5843
-5935
-4645
1579
-5815
9850
-1046
-7977
-2044
-2395
2799
-7522
7893
-4615
36
-5598
1665
7873
-8523
-2448
-7871
9495
3350
-3255
-8122
9130
-3509
-3326
-4156
3956
2790
1294
7751
1315
7176
6855
5642
-3615
7295
2395
9841
-1249
4587
-2933
1674
6677
-3758
-8697
-1670
4854
7998
-5051
-4374
7817
-6591
-5082
-2276
-4232
-7720
-4232
-9538
2773
5038
8324
2539
-8273
-4770
8161
2369
6257
-8186
7079
-3202
-6583
-7013
-138
180
-3787
-7535
9227
9599
1516
-8779
-2576
-1046
-8934
-3295
1859
-8744
949
-8875
-9974
8328
-8710
-1694
-7639
8808
-8622
-6974
-3790
-1449
1677
-9645
7720
4694
2772
-7583
-3980
-4922
5819
-5514
4141
3476
1483
6014
-317
6982
-2397
7817
-2859
4256
-2796
7415
-4115
-6257
3723
-5477
-861
5842
3361
3463
-5893
-7032
-8795
1158
898
2339
8764
1556
-8567
-4035
-5440
7306
6307
4257
-5003
2629
-2053
-9383
4668
8446
3345
-2477
-183
-2745
2440
-9299
71
-4574
-846
-6917
155
7853
5946
-5793
-4845
3199
-9241
-3028
8905
-9000
9587
7432
7999
-1659
-3089
-3565
-9805
-8558
7982
-2070
-1223
-7266
-7692
-9759
-842
-9604
-7156
3215
5785
-6565
4416
-5866
-33
9465
2976
206
-3456
1837
7103
-3439
9216
-5619
2090
-3188
7404
-6683
8806
8627
9160
-8465
-6496
2936
8497
-520
-2534
9091
3530
6958
5998
-2904
-2147
590
-7384
1530
-5912
-269
8041
258
-9808
4203
-7739
5346
7852
4617
-6320
9558
4073
-2875
-440
5306
5174
-1561
-2326
2933
-6127
-2484
5186
757
-1727
-5651
-4662
-8766
-9389
-9425
6367
-8574
-45
6163
7048
44
7957
3097
9661
-217
9966
6568
-4580
-3246
-1333
-3824
2095
-3007
-9837
-5502
4092
-3599
8806
1228
-4686
-5824
6211
7340
7279
-9681
9136
-7527
-7465
6781
309
2163
-183
3381
1168
-5767
5738
-1467
7855
-8722
8313
3432
7765
-4145
-2422
-6568
-4074
1159
7044
6435
4758
4527
8327
-6111
-8054
-8001
390
980
-2661
-5715
-2956
-7712
4876
3508
2208
-5976
-2542
7167
-1562
8232
5302
-5354
5410
-683
4698
7629
1976
975
3703
3968
-1534
-3799
-1683
-694
4923
-7829
5879
8115
3579
7526
1633
-9583
7436
6293
-9672
5544
8880
-7842
4145
9675
511
-8213
6702
5767
7710
-9847
8120
-3548
-8286
9420
-7555
-1637
-885
8698
-2751
3736
-3941
7697
-5738
-9134
6737
8212
-5676
7060
-7651
6342
9668
2957
-6252
-6245
6365
2319
1911
-5647
9717
-1129
-9824
638
-5956
-7895
-242
-7623
919
532
2502
5334
9827
-8466
6380
-8729
-7423
-7581
-7829
6710
3201
7807
4429
-7014
-1748
-3873
9821
1303
8669
7332
1138
-5662
7758
-949
7229
4651
-9028
-4810
-9373
4892
7426
9040
672
-8186
5379
-1424
2377
1839
-3977
-5202
472
8425
8042
-8837
-3492
-5764
-1334
-6197
-3796
9136
-8264
6780
5184
-8593
9307
-1309
5004
-5556
-8327
1433
-5418
5686
4689
108
-8358
5642
427
4764
6747
-6292
3824
2495
1588
2438
4528
-2748
-6213
-7803
876
-7422
389
9068
458
-5566
-9149
-428
-5427
-2187
-1558
664
2374
3449
9236
1691
-5353
-1306
-5539
7975
-7239
6165
-5263
5607
-4667
3824
-2554
5452
8811
707
-2134
-3587
-1021
4756
7476
-9871
-2006
8842
-4106
-8555
695
4439
-5616
-1247
1176
5183
-4181
-1103
2901
6510
-1496
-1056
-7162
1433
3278
832
-6417
9372
3131
-1750
-1830
8847
-4989
1728
8823
-9264
583
-2949
9001
-3063
-9501
-7754
-946
1915
2016
5535
-8569
6796
5311
-3188
-2267
-3773
-5705
4580
-421
-3949
-4553
7892
-8677
-9367
6334
-9473
9441
8834
-3405
-5846
1251
-8730
-4990
-8980
6480
-6898
-6619
-4756
-7078
3126
5029
2335
-5401
205
5325
-6220
8854
-169
-2071
-3526
-6061
8224
-9304
6261
988
-2021
-9528
-4200
321
2593
-2142
-5974
5936
5011
4607
-4110
679
8949
-484
4726
3481
-1448
-9375
7890
935
-7976
3581
9003
-1624
3205
6843
4836
-1477
-2775
3563
-7866
912
6088
7748
-3781
158
-4155
-5452
9706
6215
7663
-1880
5296
-1238
2145
9258
-5015
2165
-9085
3188
6896
-1504
-1283
3221
9249
8043
2197
-9329
-7086
3355
-5993
687
-3179
8980
9739
2887
1626
-2426
-1400
-6283
2367
-4199
-6031
-7974
-2876
5674
4846
-8382
7000
-3319
-9923
-7323
3820
-5272
4776
-3592
4499
4491
-140
-8728
4425
-1550
356
-2330
6167
6887
1590
8396
-4385
3383
-4037
-5996
9000
-8942
1775
1801
3205
9993
8070
-1776
-8452
9985
7835
5075
9859
9041
-2787
-8952
1188
-3455
-4488
7552
4980
-5510
-1831
8475
5886
-8795
8317
-8767
9659
8968
-8982
3865
-2081
4637
5398
-5548
-3638
1177
371
8940
7911
8470
8827
-2058
8748
7069
-4600
-5607
9928
6374
7608
144
-5725
3861
-7522
6244
-7465
-7363
-2543
6738
5716
-3723
5484
4071
7606
9470
-6231
2846
3137
-7623
-1972
6700
-2274
5244
-4754
8343
8087
-3229
-2602
6439
9997
-798
3238
7326
3565
-4903
-7861
-5300
-8458
6113
-8599
3564
7094
3912
-6744
-1916
5825
-3163
1938
1808
-2992
5886
3609
-3813
-2302
-6832
-9844
-8544
-8091
6866
-1509
-9382
-5673
-2586
-1450
8908
7769
9882
6054
-9623
-7149
-6004
-9244
8268
-9456
-9921
2196
13
8625
-6127
9796
-3140
-7206
9265
4388
-8788
-4919
-7544
-2576
5807
7309
-1475
-5274
-9362
3509
9969
3949
6016
-89
9562
5166
9587
-7384
-2877
6016
-2799
-197
-9678
1277
-286
8044
-8921
-2597
8047
-5864
4535
-5345
2646
7444
-4254
8010
-8892
974
6243
6852
-5243
-7602
-9426
-6778
-4620
-1970
6666
9763
7923
-9161
-4681
-6373
-4152
-3759
-5528
-792
7699
9177
2421
7511
-91
5844
-9243
7011
-2788
7952
-6115
-7824
6974
7377
5010
-4593
1252
3636
1956
8940
-1258
345
-5387
-8757
-9903
-3679
1531
-8358
4086
-9264
7220
-2808
-9174
9592
6177
9262
3402
5911
-1063
674
-824
7665
8823
8072
2147
7465
8847
-3897
4957
-310
-1200
-2240
9123
-3032
9191
5827
2514
179
5423
8132
-6302
-569
-87
6755
6183
9253
-149
1503
8457
-3372
9132
8457
-4676
7256
79
-646
-2718
2468
-7288
2023
9325
680
8647
-5678
-844
-2120
-9394
-5316
8095
-9858
-1256
-2541
-9918
4494
1218
-1887
679
-8798
791
5567
2251
-6252
1164
-8087
-4072
-9933
-4034
-2511
7633
1565
-6409
790
-2045
-7949
5263
-8968
1610
9164
-5522
-4721
-5297
-7792
9435
2982
455
4277
1857
-6446
-5402
1415
-5755
4141
-9377
6616
-9764
-242
-1276
-6375
-6971
-2824
-8407
8942
8639
8012
-1866
-505
4213
3488
-7145
-5326
-7305
3146
8516
6188
9815
9051
1247
-7350
6034
6628
8641
-1688
324
944
-6780
-2449
-2267
2174
1431
2791
-4762
-8623
-9259
2162
6082
9574
8317
8513
-3189
9878
3422
-4982
5947
-2018
9527
-5044
-5693
6017
-7906
6070
4197
7654
2172
-4120
-2720
7784
7189
-1849
4053
-5240
-9520
-9685
-1011
-3158
94
1057
-8343
338
-8150
4061
-2424
-9316
-3854
5660
-3109
-1374
-9010
-985
-8138
-6020
5712
-6053
3332
553
-1909
8014
391
4326
698
2063
4262
601
8927
-5524
-8631
-101
1228
-8223
8661
-729
408
532
-1507
4414
-4280
2645
6443
-8095
-6998
-7526
3626
-3234
-3100
8955
3803
-6219
3213
4327
-5580
9744
-723
1021
-988
721
-7584
-4906
1440
7816
9670
-4001
-3675
-3275
8227
-8336
9657
807
-9069
-8957
-3731
2539
2270
4558
5879
5953
1912
-941
-5135
-5474
-7694
3922
6072
-9831
-4051
4556
7944
-7893
826
9280
9803
3223
-682
1987
348
-6703
2742
2172
-9126
-4687
-9409
756
1380
2564
9992
-1521
2869
-510
-3462
1554
-7771
-3630
-9911
-2704
478
-1828
-4995
2812
5376
7406
-1616
4842
-8054
-1003
-583
-1799
-4910
-811
4698
-1888
-701
-9653
5044
-4470
9467
-8905
-442
6488
9449
4677
-8073
-4136
1409
-2781
35
8105
4323
6339
-1338
-8738
2843
2937
-7796
-3688
-8608
5341
-2132
1788
-8592
3863
-8813
-7675
-1571
-3655
-529
1355
9118
-3318
-8152
-9768
3115
8295
-2761
4979
2371
-9180
-5876
-5908
-7276
-3665
-620
-3618
6078
-4224
393
-6563
-1537
7735
565
-7273
-7210
4518
5011
3376
-6732
4937
4260
4841
7670
2698
-1903
8339
-9404
2938
30
-6808
-3884
-5421
5657
531
-908
5388
-8222
-6906
-5734
776
3918
4701
6331
4006
9274
-8059
-3332
-3184
-9086
-5701
-9523
-9771
2355
-5981
-3044
8811
-2975
5248
-2442
-6718
6896
-8479
6768
-9094
5124
5529
-6903
-6624
7513
3310
-5348
-8558
1029
9858
-9565
3820
-2939
-5304
-733
-4553
7890
4995
-9926
-7801
-7385
29
2321
3539
503
-4069
-84
-7877
-9310
7155
9614
8891
-5849
8137
-1211
-8093
6534
8647
-1738
3955
-5217
913
1035
6021
6295
1741
-2496
-666
-6000
5775
-5017
-8564
-7558
2629
3673
-6847
-8448
4584
9399
9656
-6648
8159
743
1419
1209
2332
-4216
6328
2608
-8870
-7425
-329
-2724
7416
-978
6818
9468
-6643
1201
4753
1046
-6152
-7694
-9504
5357
122
7333
4579
9553
5294
-6515
321
5124
5931
-6423
6092
-5740
811
-4660
6714
-9061
-7958
1870
-7854
-2559
8240
8650
-8547
7030
2746
1698
-636
-776
-3843
6781
2875
5774
-2313
-5678
-1101
7666
6286
-3037
-8356
-3269
9981
7906
-6782
3530
-2377
2051
7846
-2169
-5135
-9582
4279
9985
-8505
-4707
9991
-3889
-9556
-7624
1443
-5032
-8257
-551
4623
5555
1279
-1558
-8979
9317
1440
-2489
-9237
572
-2868
7209
-7121
5736
3611
8051
6991
9945
761
-5912
-5854
3965
-9584
6116
5071
1752
3394
-4492
5128
-9921
8680
-3862
6123
-6838
-6745
-7361
-5548
1599
6420
8218
7525
-7391
5742
6389
9164
9607
-6995
-3213
-7183
-7647
-547
6412
4791
4761
-4835
-9421
-2323
7948
-171
-7125
4811
-9205
-5326
7797
-4149
2243
5531
-1180
6058
5744
-1567
-9232
-6204
-3094
-9908
-2609
-6459
-1737
-1648
480
3444
-4849
3230
5221
7797
-6004
-163
-6993
-9747
7709
6258
-5970
7697
-1651
2456
-5224
-8682
5249
-4255
-6582
-3133
-7548
6462
5036
1912
6581
-7429
-7578
-3094
715
5165
-4063
391
-9568
-3891
9963
3060
9155
1428
-2641
-2135
-1632
-78
2685
-4448
-1638
-4767
-4894
4329
8664
-9800
550
-562
-9084
-2311
-2589
-7223
3077
5940
4067
7584
-8296
6072
-2897
1403
-4813
-4650
501
-8238
2451
4983
-2877
-7384
-8113
1834
-1575
1038
1400
251
-7161
-2761
-7829
9770
-3644
3885
3062
2246
-7172
-3241
6506
7485
-9075
9917
2450
-3831
6212
6916
9673
3787
3269
2765
7398
9417
-5319
-7141
5284
-8168
7362
34
-7155
8033
-8626
-6976
-2593
5220
-3310
-9714
-5030
-874
752
-3871
-2426
-8354
1193
8062
-1252
-2690
7094
8131
-8474
-5124
5482
1175
-9074
-2277
-38
-8486
7069
3949
-5248
-5089
1715
7377
-4511
3810
-6168
-6301
3285
-8592
-2511
-313
5008
6092
-8682
-940
-4787
3477
8889
-9176
972
-7422
5959
6162
-6093
-8227
964
9895
4976
8353
1235
3649
-905
-5111
-6318
-6140
-1664
552
3303
3160
839
8906
6716
1867
8206
-229
3291
-7664
-5231
-9019
-2886
641
6871
-7778
-2919
-1742
-8201
-4320
7028
-738
5673
1303
6651
-8447
-3958
-9778
-5597
-4678
-2936
5886
-6085
-7772
-424
479
-9066
-5982
-6422
9022
6740
-1411
5418
-9093
3225
-5844
-511
2573
7973
-6271
-9090
6885
4617
-4211
3790
4625
9205
-3758
-7567
-2915
-4160
-3512
-5657
3559
3722
4498
-5476
9236
-5280
-4794
957
-5542
-4118
4458
-3353
-1332
-7022
-7506
-4721
-6612
-7507
2932
-8895
9277
9482
-3833
8447
-8836
8152
-5335
-1064
6423
1059
-8793
-5583
-5445
-9523
-2451
-2788
-7488
-2620
3123
-5495
-2333
7587
2808
6977
-207
2073
-9043
9410
-5192
6661
-3487
28
-7014
4845
-1440
-5051
8133
545
5697
9594
-4747
8799
-4298
3988
2108
4039
2092
4913
-7992
9395
-3594
-6766
6963
2015
-7871
-6796
491
-2050
-8696
3148
-6433
5872
9170
-4694
4436
4790
4073
4518
5252
-5871
-1984
-9954
-303
-2390
-1293
7243
-2543
-2528
3362
3002
-569
-5934
4210
7767
1254
3010
6112
-8851
-9470
-7905
-3672
-2050
1047
5644
-1388
5659
1826
-8073
-3821
-1321
1939
-840
4123
4974
4518
-2414
5130
7373
1403
4320
-8455
-8083
-9224
-549
8172
3808
1842
1185
-5085
-9778
-154
-8890
7260
8969
4920
2289
8844
-9965
8635
6328
4848
-900
-4966
-2277
-7627
161
1415
-677
-4504
-2438
-4876
1503
-7585
-4637
2639
-8013
8599
-5663
3970
1115
7638
-6969
-7650
304
944
9146
4529
460
-2778
1918
1731
-5440
-4681
-590
6242
9116
-8877
2854
-8214
482
-8286
6544
-7433
5109
-527
-208
-8357
8947
2016
2628
-2977
5273
4521
7501
6372
-3758
6479
-4843
5489
973
6071
3354
2549
3290
2481
5441
-9178
6648
-6979
6628
-7959
-5149
-5490
-1319
-9626
-9307
4231
9163
8395
-7548
7183
8527
7449
565
7439
4236
1485
-6377
-9454
9829
-9249
5691
501
5644
-940
9950
2794
-1365
-379
6247
-2851
8398
5057
2988
-953
283
-3726
7568
7405
-5580
8559
1978
-535
-1949
1386
1826
-212
-3691
-7554
-86
530
-7573
-2241
4791
7374
5165
1915
7541
-5994
9974
8386
1260
1308
-6425
-902
7887
2699
9767
684
8525
4631
7239
839
3143
9480
-2358
2630
-8630
-9162
2657
-9105
7984
2576
8285
-7290
8438
-6053
5900
-8846
-4465
6329
9218
-4930
5058
-2669
8930
692
-7247
-3761
2184
-886
-9340
6583
-5400
-7283
-2964
1525
780
3225
6814
12
5725
-1475
9780
778
681
1168
3828
-9249
-2797
4370
8499
3672
7275
8083
4194
9261
-3024
-2991
-9931
8953
-2470
7580
3043
-7667
9822
892
8960
3085
7345
6171
1086
-5831
3678
627
-3147
4718
-58
487
-1080
-6673
-3890
-7830
1603
-4490
-9331
1260
5431
7424
4105
2163
7229
-625
1657
-4481
5576
9978
-5204
-8257
9701
2941
-9670
-378
1954
9095
-8986
-4708
6240
-929
4696
2709
-1089
8897
-3510
6752
-8454
-9316
-8559
-353
-5530
7616